$ANSIBLE_VAULT;1.1;AES256
34313238376639666131656332613261623235383737653131613939343462316132376163666465
3162313133386434343936386338643662353437626536380a633933366130613630656166633935
32353162646561303864616661323238393961663666643135363263633537613466656430633734
3833336331356330630a343137636439333065383961333366353761313932663734386662653230
32653865616666666362386263613734326433623062653735613164353665643633346239636134
32653939306562633564653661393034323034636630643533393935323730653666363238653530
38313664356361373365646262663765636166353635623864663463343237346666393938363238
38666337613435333037623930303832616463626263353764616234316461323031353635643064
37376534363261386164376133613535353663333639373032323932363934643938303536613431
30656361376563326436373535313338343438323739373733373363313461383363623830656161
32616237653765393766373835313764336463313763663162333734363534336530346535363035
62353966626632663532353663626663663963383636623631613139616430336434366366616535
64333233363765353734373363303938623430393832396335636335393465613031383539333762
34306264346635316136633235343962383561346162666565386162326162346230616237363361
35313434356562326337323963613461366631306337346436366236353561336436386162636163
63353264383036663334383362633537303963626131636439663039323835626163656361343733
61303635393338376564336130353730386535343630313437363132616134626362373039343762
30323335623264376433316266323262653633643362636133346463396131333265366465323634
66623931333761643439343338363062326238646537623435633332636165343832346335313865
38623065316435623965613933643437613639653732366362346633373831393335343666323466
34316631363939313530396130623331303634646461613931303563353666613132633436356164
30376433376637373062343165303930313161663933373536663762653735633537636331313564
30663435316631343831663163326563303930306236353530306536313234633530626664323366
64653763653833643339626639303433373661663962623961653937663062393430353061346232
63623938643035653436363763633431333339633736636663373930356361633537383832613865
32643834393534343433353061306630633038636434353662666464633236383539343934626461
64623435663064393765303561326565646632333338353231313838656434316632663563303136
38353131356231303036303730633835653332353263363434363832643539383339356131363162
62393335666338336566666631643361316565616539316436656233643232313364646532376461
38663032323137613133316130616337373039313066326561353665306533633639303865393239
38643731636434376538336639336235386464326266646636613835663166373035366437316664
37316532653736653534393366613338303063653733663138366438646462326334633365323837
31656234613234326530383236626462323135306439326637333263353066353565393336313734
33343462383530623937663233633733646233313835316534326266323062393361653330353338
38623663643335313932353361646631366537323537383630343837336264626130383665383836
30623031393366636438643238356431623035363035616461386234363331653766623437376536
64363665353432663932656431303964333235326438313664336130666434653535613736386564
32393966396131313161336461653636623363346335303663643965373836303965353530336335
63646162643837623835333936306533306164323565636237346362326535313433383363333565
30653762373763613061386663356166653339663635633332663865313965376634663566313236
61343638363633356231356536326666613366383166623738396537353863363830363138343531
32663637623365313139343361333730323233356531633766336462656563346237373863376666
36373734666133306634373035316434376231323639363332643231396633323963393063656232
65643930363161666563336539316462656135623036393631393332373731613661366361303062
37616432346666326431393432313462356237653939646565663337623439353962306333376661
39333866363634663065336237316238396564636136653261323033623563656431653533363638
34626538353765383237646633373232616539643962303966623163386335313430383135636162
62393766343935323737623938646334363630636330616235633339633237393036653863303632
37393838323665316631643430656139333630636461323736363134663864336637353161313734
33633435343865303463316465643465653637333564356137636633383964353735333032316635
32666331626462633965313466386363653934323064346663656437316366363064333735303066
35346166383939663935343133303866336331336134623433343130393039633935636163316631
36363765643934633465363661316232643737353336653237393964343530656461366133663462
32343936633161666535303964396461623237643134613161346664613563373534626638613432
64623137373139353465393632303734366164363761363139393265336161383638643362653532
33383739636534363133376633356434383734623835623963643634393961333434666130363066
30313762346532303034366339613263666565623033326230353766333130373834623064646439
66363139306635363365353836666331613931313566333834626438613461663438393130346165
33636466393237373630616265373162373364353037633333313132623037343639323439616334
33363461663732323537623464346134313366393233316564616565393164383338326366613032
65353034383634636639616334613234656133353961633834633061383963373634653962366233
33353461306261356238633061326561623333666663313734386630363639363035323833643436
34656163353964656266313832376463366430306239303137666662613037393337356531336331
36393238336534396539633539353237633261366565356264373830383234343231326161346330
62363861383164623366316339643763383634336266313163376338613534323536653235313165
35363538306264623032383663363336656466366365343836363565363761666566656335303966
31303634316530613832313762616333613431633665356232646466396532623030316635363766
30383233333331666339346332353766626266363530303465393235356132653563366138313938
64316366343065346236313532316536663766373864616663656263336131353838643433306466
34646235663139393062356464303662633232643036303739373034643136333961646431303936
33623837656163373965333438313136663166353030343531356564393838313036393430346135
63363839653634663435303239383536363063386538373536396635323639323633376537346661
64623130623937643464333633353132333937326663613031643638626533356139333361383666
66313635343837666362383038363935623435633735336332383265393130336562396266346164
61373135633635326235323566393066613133333866373636656337613630393636383362343935
34646563626663646535613864336235303733643763376432333661326639336466393331633766
39346431623933303432313439633366386166356631643762643664633962646662393430306333
62303965303239306164643539376665343063636366383130626436623732623430646461343230
39336433336266383538613263366235313134363161303137656539613135393966313762303138
66366634343061393666616436663439313430313665366466383233623832343333326162343732
31663937613131333163333437396335303862366332326633653434663533303030323036336434
64343334663065663166333264373862396265666633316532616533323862666637386332646563
33363262393266343138336361616362353831366162633539633161616366316261343037396161
65623333323931656565383965356563663562666330653737306534383062363333313132303065
36613138653263356235386663646166663165383965656635626563653465626337616166343939
38613664383833643063396362313837636663366334353430626236643363303436313163616333
61343232323339383066343663633463373634643562376634363562376430393431363738393635
64396534393539336431643736363939663861653133326633613963346566386133626531303462
37333435633133626337303830333831613934346461396464316662343330343433373563303961
62323635656332316239633366653135656434396637383765613765386161363331376162666431
34343964323936366632393237613734343630316137303261333662333662663130313733393865
65393836393363386331383361316231343065376163653336343664333634373838306166383330
63636662616164343062353861376434343439666435623834363634313533626630373361383862
38626663303930313565383430363565623934643735393039396664323936393461643739373665
63346666663837616230366530373436313062663464366531663437363035653066613930646266
62316466646636396261633632353738346466666638386437333465653263316338333262653636
61393564366632333438313234313064323661376532636130613463653864663037323766343265
33613537366538623762323231383831363465393533306131383063613565373132333663316336
39303361653931613363663163636361343733306531336463316163353533383536336532306466
33333930303964666337616263666437636135626265643762653836653839343663303661303162
32616464613136326232663965393333306330353666353034353662613234613935343931656134
31303237393764306338363765363063623866626539333866623437303538656532613165636334
62353834396531623830343431316231613032386230306438386432633661383161633732646335
32626463336439633064336430343939383263643461623565666364653263303462343039663333
61373337356137623930313233363234323165643361326464653532366362373037376235623132
36346466623435633465366533333036306435663766346237633133393866646266633530633234
63356464353861616536613861313161313034393731626332633835613830313832633931626261
38353334343562373534383931613139303662383331303538346665343333336665663238643038
37653238313231376662323833333734616564343332363866623761363364316565653432303563
39646166303835363732623733613561393533366138613263323830653266633761363962613964
36663064626463363332326232393335653334643934376161373036383164633664353336666536
35653063346638353034653664636630343033643435623734643663346538333130353036343938
37336535636137333632386134613061356263393330363039663561663639313635663835396564
32373433346137386232373863343334313630316535313165323664343638336539386439343866
30306564663262383637653733643230646437316338616635623531376663346561336463636438
32306161343264623035313538343134643236623831336165353664643966356662323536343630
62373534393264663266313162653136326539383832626536316632326534366639633336633236
32303131623836623331373831636264306233643339326461313463633232336138333933616234
39373761353830373263663563613139613532313933623535313162343164373566633231616165
37383665313437623234336165366565663133306338366330306237366432646633323038333035
63373233646133646365393731636432336431356534326430373164663865336239313763646461
66636237356533663064633134346234323865646161613032313739313233376135623862333937
66663035656138616638343535343530653963306562353539356333373062353337346266393066
33366237666565653434316435393463373034316635633430333734373561366331666365356434
63623632303231373531313431313962383833643536396266313737346136366539626137623436
32646164323363653235343530343737356530643730346531366530343431613236356438376439
38316135323962663964363962313438623364366664383031323131336261346233313963363731
39666639636637663933613637323630633661343135656662356439356632636635346634636665
30666637653162303532616630353064663738373562326464393634346661323665653036373462
38653865613333376237313333663038313830633430303330396462653633636431613634346634
38316436346562643338343135333838376363313664623465616130613163306531643663323666
32666666623766626639653735366438393031653930316165383737386237653431623433666639
61363232306365386531653963373765653237663432616531646435363839346534366136333861
64653062396137353864643337356162643533326434346462663035373138633661306464303563
62303735636262346238386537393764323361303361656439306464666636333963643038393533
32343764333438353966303338653439653563313635633733333336376233323833366363666337
34303133313963666233663237373832303733336663373263393835303431623935313633663162
37653561323665343833636434393131386533633738613931663165643765666363643665363338
65336261616338623064383033633166333662363732376665353265383734343239636335396566
65366336356538323362643837313637656464646166386236336666643834353064393739363366
36626165656432626238383337343030666233316161373832376134616137636265666433333464
63333736653466373830306662663364306638643135316630383536376265623331363664346665
36353438633830396635343138633961303131396661343335623736306531383763636439323131
64386231666635373337663163333233373163646236326530313464346338666334313261336263
30643339613635646362333436363563343531626432656437383335343063333164376463383964
62386235613130346336363536376533656162633232393361636266306462626463346137343835
33636633313063636562316632333233626239623338356262303734633230643836376532373033
33356661656236646235366364333132626238396231303437303765363563313634346565383838
39616431663535633162663038343261343037376566303634346666343137616534326134623861
63643539336165666266393132386630643462306261666161333064303562643961366630623733
64326464363864656237363832396134313565613535343039313062393336396535326163613062
66323231383461656361613364613362663932613461353362303736306136313463343864306161
31323332613235336133626665303633363533366261333132323865343131646463373532646330
30626661613635663734646266626234616333346334346432393962316237623834656363393661
63376561343530323333396334326635306331643630653464353837306666313630633133653831
37663437653763393431633131363466623463646539373165623437386361333337306238656637
30353136633763326561343139353463396565373633313165376165636331393038383966336464
30356134626661653831326139653535333664656636323466643034633864303239303839393538
62323461366564646436373138366131373435366365306636333766316531346238373834396162
64623165386337336165313362303931653565343464363864333335613335666466616338656163
39666233366462386565323737623639666530663838396538336466333331623039393239656538
64646561346463333864333734323164643764653534626234616635346166306430303733613061
64383264346466633639356564323839323530386466646135346231373634646635616563326136
33336138653136366435336537366533333936663566383661663561623130356138646636376230
32626637396162623034643761623466383463636135343233396664643338353435613837396131
39363735336139333836376439666462333737346661623362343930336232313964333730393361
37643937653631633334623666316539353062666235373234636166346232646565363062623064
31613733393430343931303661356136316436643466613965613432326564323761346662663733
39303438323535386133646234333161646162383264383965343935366234653130323865366562
63656536306434353133633165393163363137363231333461373234376562363762343833663337
66333431633732326236626333303864623164313430633536373264316361393864393530666139
61393965306337623331313464393833666465393432663662323036353835303332396363383662
35663539353535306337313836353032643132366231663939623531366432303663373137336239
31643936633964353237343565326339323462383261663535316362643832323766353630316531
66323530663539373237303062363834393862346531313061616333346539333637313562333839
32663064303239343364616138383865643931303338326661623265333134346436336265616132
34616234383135353833313066303866623265653031323861306238393132666461633866643434
66363864643837376365356562313566343531383461313363373738653436666665396631663938
33343137373465633931393661376665396636326238653262613263383563623931363336646166
39343939663438653439326438666435623239313162356538653834623063623462363137626166
33613731643833323362646433663638376133383566626237646163333630643333656336306263
35636131336431303538633533303538393364613635343236313739336339633735393062316362
61333635393138343261336564306534613232653664343137376266306336633563636166356234
39386239356535376332653465323964656166623864643065666161386236373264356466333135
63326564316632363138363436393532636237613334656133633465323031383530333333333938
32333534323030616562306134626536343765653739663534353932623434623161366261666532
35343933383834396430376530653839623330343036666162643264626261373036333261383465
35646436343265316530663637626130336265643666616435333937373037633631613764346431
61306562323965653539363937666535363730633066326438333931323166313534313266346665
39353362393561363934346661636432346166313232646332303830393462363261366633633564
64373165343638653138653238336538383230336433363638323831313032383639303335636363
37333933306633626136636363656139346535396661316563663738316465396238653462373037
65666566383832613031396361333433336261663234363232623066356464356464376335366531
63353832613738306237316436393365613266643332323066346265613566383162313532303330
61376437643237626362656366616330356564643035623938356562646563643561336232633161
38656135613637326439323431303732373338643033646364373632616436383238396361323937
61313834316630333834323834313561386331626532616262373132663631313030396164613438
39353435336162646431616262306166323463623432646239613732303365613937373934653832
32626464653962623135343330653230326664333134643263393533333933346234366233656139
31393531353439636666316231666365633166623339663935313433356364386663323034343433
35323933623134303639633039643733373433663533656461333735326262653865336331346237
63343234306237663932396365363130656632616334656365623465666238336233663330666261
32653033616162643266313732356334643035323566363061613832346665303333356461316664
36373732363538343433333931643730323931373062633637343034633061633331663733636633
64393238343630643130336236336238353130653037646338633134363866333236376630313238
32383438306534376633323765626464323931636537323137333563616237373135353635646665
64626335393562353437633738653335633635616339353438303961643134666365643337393838
34306663616261646434346261306466393963333535613931363464386538666136346130316633
38373063336664306635383965613562666563623530653938653134316466316563613736623263
65373934306235323835653539663831613962313062616362623731306133613563363236353065
38303266613763366438393130343462666163353863393539343966626465326137303736633138
35623131373532376239383235363036386261373964376636363061333265393663306430333162
64663334323435336636376635343137353563366162336531313932376438386366636337636161
34656134383332386435613534626365303538316335633765633230666335633739306134353239
32373665333134636631633966613234346335363461366635313030643663653139656261333635
63636435343939666362636531653735386362353130313137316561643739623039633639376262
63383435353236653662353031303833323761386264633939393831326537306238363430306131
37326563656537333566353363363664656261363130363734303238326238656330303264633763
30373236373537623962646639623963363265333730636130376264333238326438343530313731
32343366363564346635383663353836323330613362356530623638623531633437313532386633
32353761316337643333613564616638323762326430643861323731356161393137393634353636
32343264353234373730303731656334616437623732353864366564636637376363303462656135
37303934643737643138356437333463356433363130613037666333326365353964376532333666
33616631396332613439656433333464666265333833626330626461323263393738336437376433
31633165616561323836633466373437643563613633653132626664613437373461356638633136
35333164353637303661386633303963626163326231323239323937303932303133636639353962
30373035663839626166316666303930316435623462303133626362613034386330656630636630
38373339616563623936306137626362376564393030396663643637643230393362333730663037
31383061663130393166316664396139636264393663306465373263613230356638306439616130
34313866386230326661346233626533386436323062393539663739653466336664383264633164
35623865626534666337323132613563623562653638643731393963306166396131326331663463
38383734386336346434616233643932306535313466376235663561373630363530633234326137
32663030313534633763616362653136653933656331313735666364383632663037663163343635
61346633386133363739623039343562646565363661366530313139323366303163326236663134
64333761383533626437653338653933396361313039373936393439323532313031623538383366
65363130656165336339353632373032636532343733663261616361353137383134643566373037
33626533396162613235663430633862383066386333336532363866306163313466396335613735
61623836363162323430356163393933613663663131613134623234323764323363653131653861
66613965326538393734633438363132363434326632316163623635666661633862393536636236
66626533616335643530306331353131373037363933313931653034323139363364313965633161
34633137346331346336396631323734336531336262306264653464623837646131313136376562
62353836333031393364653335303736643235373165393338316663633934626531666261653436
35653966393034653962313536333532343133656639626533616365613665373439653362393661
36333139306133313631633730653562343530633563396135333330376262343837623431336361
32333832363264663837653839623065393837633333653863626534333936643466633565643738
39366662396562653431643964326436316366653335646430643332353535613338393936633435
33383830366364623138353865363731623063336161303533323764656431323638306462326666
61666633303466343061383739663231323262386137353337396336303533613037663930313164
31653664663563633835353938666561313539343930616363653962343465326465313830393038
37306631376562666637363034323534373764626439376437613064636639643265363263366361
61343862613664316362326662333836616533373734616261343132333663313039333434333033
36363061356330313563373430366166363439613631643039303436313834343538373762616363
64383039306463313936353035363736383437326637313633303563623036356239353632666432
38393064346266383536656665353835396465383662303837616463633138623465373338303664
62653137313161323263616536383665343963353939346434626530373139386331373634323761
35646163353961613034333666323339663339343837643830313036336664643432643636366333
64666461623633383462623861313036383634323330306536336230623664633336326235323239
66636436613234376461656266653262383463623432376566613637313164356535663435326364
63306164356461373332393639633839343630326464663162343363356136613138363036666534
38616530323566396161396362373162616666303561396366623232643466626264376166333233
37363165653465326462326165323063363362366536306138323863393431663565393336326636
30363062316338383961666234633664396439313863376162323731393462633463316538653333
64643039663861323138393736613432646237633563346530333261383434313862333736656266
64383037396662653434346532373832613932656238353930373864396539303834656666376666
38333065613533326462376430383734653632333332656163616233633635373863
